198
113
92
13
2
5
104
117
122
191
181
112
151
178
129
101
133
124
54
200
114
190
189
116
38
54
134
129
72
178
53
70
199
48
168
163
104
184
96
45
100
124
54
33
182
163
39
47
185
195
13
130
129
169
37
91
97
103
121
51
61
91
112
129
7
7
144
132
33
30
80
25
60
140
50
18
27
123
119
70
49
192
5
119
1
22
79
93
11
87
195
73
75
97
154
65
33
141
51
170
112
80
154
68
48
13
107
152
37
81
109
157
76
20
92
57
1
10
168
191
111
62
5
95
60
193
33
189
35
170
50
113
177
87
144
115
32
38
90
90
60
173
185
4
87
102
141
36
136
33
111
80
161
59
120
132
101
81
124
148
85
86
22
42
43
153
69
24
109
198
45
163
97
146
91
160
67
31
147
108
113
54
17
6
139
105
40
184
25
86
130
77
57
78
86
101
152
44
98
179
12
129
22
160
125
71
63
44
155
179
143
24
197
71
51
155
77
166
47
11
148
162
34
33
46
54
116
53
46
139
9
124
76
130
174
184
177
62
27
177
108
151
47
170
42
63
187
86
118
155
197
122
44
80
108
10
176
143
73
183
42
51
156
174
16
42
149
86
125
56
5
176
151
100
198
134
194
36
94
40
85
94
184
175
57
155
159
94
3
140
52
154
17
111
170
166
39
95
180
56
19
50
110
32
92
152
49
145
84
135
120
120
95
194
93
147
126
16
195
135
173
41
153
157
97
198
22
167
22
17
93
74
6
187
89
84
104
15
88
198
141
51
25
122
57
1
191
29
90
135
200
107
193
128
81
172
187
8
100
142
177
91
19
14
187
182
91
119
82
19
200
187
144
56
175
182
114
137
91
16
51
140
31
38
173
21
13
132
117
136
36
138
175
192
195
104
106
176
183
140
160
67
74
162
186
22
7
58
39
129
199
199
62
32
192
27
63
81
166
110
200
22
128
106
122
106
170
136
189
155
160
84
167
86
116
92
176
26
77
34
137
150
23
52
79
180
141
42
49
24
193
157
39
143
161
145
85
153
52
36
6
34
48
28
74
56
176
93
84
134
26
56
40
17
132
101
186
74
92
116
87
184
168
136
139
103
199
123
13
128
162
39
174
186
18
151
55
55
8
146
140
186
196
77
51
136
183
43
141
168
74
99
27
41
108
33
131
112
98
82
153
134
119
69
33
197
29
35
96
111
12
190
148
93
103
180
193
140
96
158
124
159
43
171
88
76
136
129
31
84
125
132
60
85
57
163
178
154
26
76
200
72
129
126
111
146
198
113
121
30
136
167
147
189
141
1
111
139
44
39
86
7
193
106
122
143
15
9
67
40
27
140
156
106
115
161
31
66
74
108
113
31
7
63
140
23
51
154
178
90
103
128
132
147
129
77
127
150
143
167
118
95
170
125
54
30
45
65
16
185
96
21
6
103
16
173
77
23
133
164
138
13
50
15
110
152
40
21
96
33
138
28
59
65
130
120
62
138
146
59
170
129
120
177
159
64
148
107
44
168
95
85
73
109
48
61
18
89
138
82
184
120
120
50
111
156
138
192
37
124
109
134
103
200
163
123
189
40
55
25
183
101
94
14
73
89
37
130
146
68
150
178
61
12
70
175
165
24
155
87
20
150
4
4
125
196
16
144
122
41
123
62
184
106
160
154
81
92
127
70
116
128
159
107
49
156
193
142
174
39
126
185
22
196
73
43
129
31
147
29
198
19
182
159
120
14
33
78
118
63
109
75
25
87
146
162
90
136
31
196
117
168
144
39
114
163
137
153
152
195
74
31
109
143
78
16
40
129
166
67
72
139
2
34
145
178
149
67
144
196
143
34
107
100
96
155
62
68
192
51
133
56
130
17
109
2
157
180
5
154
99
149
180
9
164
136
138
11
13
200
60
15
137
169
179
198
104
116
109
168
114
121
83
35
149
27
55
66
37
136
54
133
87
171
83
169
160
30
4
24
179
89
139
188
89
88
197
115
120
118
13
109
27
49
112
132
163
173
171
179
39
8
176
40
32
95
151
126
59
174
145
149
159
29
46
63
163
12
18
36
141
76
10
92
140
32
18
58
111
187
32
183
149
178
95
198
115
36
56
173
1
168
59
101
132
136
49
165
21
149
3
124
4
137
33
115
137
170
154
188
160
194
106
200
162
68
47
54
49
105
132
82
84
163
194
69
87
75
101
105
99
12
56
91
97
195
169
87
121
193
114
121
22
119
130
85
153
22
180
67
145
168
127
36
142
66
154
115
154
82
188
89
122
101
44
54
177
32
144
178
14
87
149
32
87
36
35
24
102
47
57
129
178
50
47
132
41
197
170
182
81
140
80
173
103
106
185
147
188
69
62
120
172
93
129
110
50
159
52
3
111
135
101
10
58
136
186
102
183
199
11
142
176
70
10
62
98
51
105
105
154
32
106
14
154
71
8
197
182
89
17
77
59
118
192
93
71
62
45
166
9
54
123
165
135
151
96
187
125
75
57
36
39
171
109
19
63
146
72
165
20
65
177
1
140
32
88
62
105
149
52
98
148
81
79
197
70
83
14
29
18
175
106
122
171
196
70
191
168
100
192
11
191
88
165
75
115
30
59
40
79
86
152
189
177
91
172
124
158
35
151
93
29
194
101
72
62
192
11
159
160
193
85
20
78
67
78
108
65
91
114
136
34
104
45
18
14
16
42
78
183
143
125
199
106
86
50
199
77
179
179
151
5
64
127
144
133
144
174
25
53
58
126
29
146
107
51
57
37
36
7
111
46
200
52
38
26
23
142
121
49
61
23
141
75
121
53
160
96
1
33
88
95
37
110
186
65
86
106
38
161
5
130
70
19
182
134
153
45
161
49
34
82
141
90
172
133
11
70
154
47
39
31
192
117
95
131
150
12
31
182
135
6
170
108
84
79
141
148
137
47
15
59
82
141
82
21
148
153
161
27
43
140
130
78
140
92
104
39
43
174
5
57
60
116
58
57
155
89
13
66
84
135
146
196
135
14
77
165
43
46
102
166
101
76
181
99
82
190
155
22
150
62
110
122
152
80
71
122
59
109
189
137
167
165
155
7
76
14
85
52
147
182
194
3
29
107
112
39
186
64
116
184
196
118
56
131
106
44
109
94
87
94
99
67
38
97
115
64
116
103
171
74
154
200
173
184
141
188
37
18
12
90
140
56
121
62
4
158
128
83
186
146
117
66
86
93
155
169
92
62
185
3
101
175
24
171
60
156
113
15
9
141
119
34
56
1
58
153
56
152
38
97
139
13
187
199
120
135
72
159
194
37
191
154
151
158
196
185
101
174
193
29
174
66
190
180
87
120
48
87
62
185
24
25
39
171
162
115
39
31
38
124
122
167
109
2
50
99
104
179
147
36
116
92
19
5
71
62
172
161
190
62
22
28
3
196
21
95
146
190
25
56
199
97
126
95
142
125
99
198
33
77
25
111
121
47
67
153
39
13
2
40
95
149
76
16
112
113
24
112
53
196
4
145
122
196
131
98
172
126
178
74
65
67
12
47
156
118
49
11
12
20
118
80
82
194
56
58
57
106
143
6
146
66
163
175
146
112
77
114
86
156
104
109
101
140
71
143
88
130
28
151
181
21
104
59
4
129
187
117
185
20
156
173
180
115
115
80
173
160
89
48
64
32
69
136
146
39
124
140
59
72
4
27
195
180
11
110
22
109
153
101
178
113
3
49
107
18
135
155
139
55
123
185
89
100
92
66
96
98
192
55
33
160
114
146
173
48
92
188
34
138
133
123
130
42
173
170
61
94
174
97
74
194
133
112
124
78
70
82
70
111
122
114
71
148
163
88
63
63
93
80
26
151
29
53
91
88
157
61
190
168
101
135
132
97
45
35
112
64
57
30
96
125
170
154
7
6
191
87
199
147
187
195
42
181
73
189
87
193
177
100
102
113
187
163
83
129
114
197
5
39
124
26
5
146
34
110
186
35
124
92
135
177
81
159
79
18
62
186
7
28
115
32
129
189
137
102
121
147
109
13
165
30
171
101
10
40
95
72
31
43
171
72
34
47
158
136
73
11
86
51
60
16
99
26
138
25
143
118
15
124
47
162
135
11
26
22
183
182
97
37
98
67
86
150
47
98
144
148
131
90
128
108
106
28
60
68
193
89
25
130
115
72
48
131
79
169
197
195
191
35
69
21
164
45
99
165
153
74
83
163
59
160
37
187
15
185
4
19
86
97
180
153
152
169
150
24
177
154
93
173
121
160
130
61
116
190
118
97
68
70
101
157
105
155
88
51
99
47
6
113
91
18
112
181
188
86
40
99
158
146
20
3
99
117
88
65
57
172
193
99
123
170
8
178
137
197
197
74
48
19
22
131
115
158
48
58
140
179
176
111
197
111
26
163
62
59
169
88
46
139
166
22
154
4
196
100
7
79
184
133
66
170
180
129
11
81
54
20
68
54
154
196
4
143
177
88
117
137
117
141
199
54
161
170
162
161
192
8
47
84
150
174
69
58
80
76
154
122
181
73
116
49
44
68
198
121
129
85
192
1
31
50
155
174
136
88
29
3
71
6
190
26
100
147
76
87
10
67
130
165
161
21
44
27
118
95
94
4
139
171
108
23
169
66
11
144
133
9
16
160
86
187
6
188
180
39
12
55
56
129
8
113
193
73
188
46
43
53
112
150
17
147
3
95
57
7
101
64
98
138
61
112
88
132
78
90
196
160
14
83
24
99
27
42
140
17
66
58
40
94
166
152
132
32
64
158
101
166
81
44
79
35
15
163
131
154
66
174
124
17
5
77
18
152
170
197
161
156
199
34
76
139
8
34
132
105
90
8
185
166
47
127
32
148
58
99
175
54
41
167
162
148
18
149
166
63
132
134
197
30
22
146
189
109
61
122
174
68
126
66
42
153
99
86
108
9
31
69
74
53
24
173
51
24
26
45
40
85
134
22
131
118
93
67
125
188
105
82
1
78
84
35
166
76
180
20
103
125
91
151
82
156
91
103
189
56
57
113
54
85
189
52
71
73
176
185
42
198
112
26
170
171
56
74
148
6
46
185
93
125
154
112
69
110
100
174
68
26
25
103
98
59
41
168
5
160
164
198
83
139
162
77
57
39
116
80
74
157
147
62
70
153
176
158
181
38
22
130
178
47
116
50
105
95
86
140
88
80
95
89
87
26
135
133
191
40
194
79
32
102
97
20
175
108
138
163
168
126
27
89
98
3
26
117
76
3
16
135
4
16
194
22
83
165
200
11
136
186
162
47
129
142
47
74
105
82
78
135
150
140
45
191
76
25
160
7
8
94
48
129
75
77
152
48
100
175
64
66
74
9
18
124
126
67
187
10
9
163
58
54
152
163
174
136
13
70
76
91
92
72
187
110
74
107
97
94
44
29
85
162
191
35
156
61
197
89
158
125
127
146
88
60
164
96
200
107
119
192
177
112
190
119
119
187
87
158
85
80
25
142
136
127
128
11
133
59
200
105
11
110
151
67
159
117
61
143
191
42
90
97
157
196
109
199
108
50
114
106
96
153
38
43
131
177
29
101
192
5
21
152
17
51
19
126
28
165
84
18
131
15
103
65
152
62
194
163
180
200
141
189
181
94
28
91
181
39
16
78
18
98
2
140
122
118
167
184
139
164
79
166
133
165
114
175
142
95
154
175
41
42
19
145
111
25
113
86
100
131
167
19
114
191
187
117
114
155
195
159
21
31
23
87
1
75
127
80
111
160
69
43
195
15
100
66
59
6
179
50
133
37
4
32
145
70
29
184
172
4
105
109
26
190
132
34
90
85
180
23
10
26
95
145
75
112
71
10
25
63
120
187
63
84
2
111
59
148
29
163
173
25
129
15
10
91
10
99
67
116
33
183
9
47
153
49
177
159
108
103
159
127
82
1
25
18
92
34
6
69
136
115
179
87
47
91
35
122
184
177
139
38
120
22
8
77
77
121
198
155
106
12
61
19
21
35
155
98
181
56
56
175
45
191
10
66
189
72
126
75
31
101
191
185
62
107
87
189
194
119
82
85
69
138
147
3
190
195
44
155
173
158
126
69
92
130
89
31
15
10
154
64
133
17
11
136
20
45
43
154
16
192
118
139
171
137
137
193
105
54
50
187
71
55
197
194
146
180
193
65
191
50
117
165
195
167
91
176
124
39
54
132
97
113
152
98
20
136
72
66
70
17
6
114
177
33
84
84
72
31
46
172
127
59
188
26
56
90
164
128
68
104
159
83
120
165
70
50
152
86
82
199
172
67
46
22
82
135
126
143
98
72
196
4
34
198
9
36
192
32
147
92
153
167
131
19
86
49
126
155
90
51
130
146
3
199
179
54
20
116
173
63
157
131
23
116
108
13
135
191
35
90
87
147
96
146
67
46
197
37
73
116
68
144
200
143
69
54
166
73
43
120
95
131
8
191
76
58
81
133
38
179
1
158
54
51
48
17
62
73
47
19
185
135
16
124
135
192
152
141
171
117
28
26
159
83
172
43
103
102
12
27
46
173
151
179
71
95
45
200
194
92
25
32
13
64
104
89
57
42
182
149
128
23
10
7
136
182
57
166
90
44
103
182
127
45
122
10
16
151
171
190
46
49
10
105
45
144
67
16
97
126
15
184
10
113
81
4
17
160
58
154
195
93
114
135
26
48
136
135
110
94
184
19
117
27
186
7
153
120
178
104
74
148
176
47
95
75
36
151
183
122
120
148
70
16
187
182
62
39
36
3
65
168
83
65
27
34
178
32
24
172
198
136
167
18
169
192
43
189
132
41
168
69
11
63
101
66
48
145
171
54
90
117
111
68
71
90
173
39
187
147
7
126
3
36
95
77
193
146
198
65
8
163
186
175
174
199
102
48
105
80
114
76
37
65
17
168
44
184
105
181
17
29
79
188
11
176
163
97
16
97
102
118
21
139
197
34
122
189
14
156
100
149
152
61
120
40
87
48
20
33
170
156
182
95
127
39
63
178
134
137
166
91
31
164
35
33
166
165
65
153
196
113
176
27
174
158
117
18
13
176
181
145
175
169
185
111
17
197
34
131
191
169
61
190
26
143
104
113
186
151
120
120
110
155
154
132
129
60
71
197
23
158
20
17
167
128
114
137
188
4
111
108
86
24
196
52
177
11
119
86
44
157
132
191
18
92
158
200
28
48
64
108
190
141
195
7
98
80
115
135
46
108
70
136
23
45
99
2
143
99
138
147
74
4
92
125
196
115
52
161
57
181
153
158
134
199
155
184
10
162
2
57
189
71
199
183
42
125
47
156
117
36
140
98
182
196
129
14
164
55
120
52
90
97
19
74
73
97
23
157
184
170
9
118
170
115
21
86
87
151
93
16
52
137
10
137
78
87
101
108
18
69
111
36
109
26
162
182
63
46
49
163
152
14
89
45
97
20
185
115
183
87
173
157
9
105
186
114
165
56
199
90
113
6
77
194
58
145
31
183
184
170
101
88
165
67
85
41
42
148
191
84
36
64
82
55
51
48
165
133
23
94
64
9
129
74
40
50
97
175
35
42
114
199
193
171
171
193
137
9
84
53
22
199
192
11
65
98
36
49
146
147
1
112
187
184
14
170
109
171
176
101
71
184
129
187
73
29
41
140
109
196
173
41
1
90
168
65
184
112
24
60
165
60
139
94
73
56
97
71
11
107
124
120
159
165
186
79
175
73
165
91
191
138
30
158
200
67
35
159
84
35
186
102
30
191
84
102
139
25
114
168
103
6
100
147
161
186
185
119
65
36
179
117
105
145
25
40
137
195
171
125
14
26
51
129
12
157
156
64
55
86
8
25
195
47
129
54
8
185
31
58
32
70
140
96
17
125
167
182
153
165
13
173
1
58
25
82
136
23
53
160
18
194
192
168
124
127
149
157
187
156
28
140
41
139
166
6
45
73
183
171
159
6
177
107
137
41
134
89
193
10
186
9
46
165
86
146
67
43
12
181
122
117
129
35
3
160
149
50
131
172
184
8
143
100
105
3
183
134
21
44
48
181
26
120
13
31
127
170
136
182
45
119
139
172
172
119
126
18
82
175
65
194
26
120
37
156
116
164
161
44
168
41
51
53
184
6
16
127
3
78
7
30
129
87
62
76
37
108
115
77
65
25
76
44
151
125
6
36
61
8
38
36
103
172
67
140
175
116
127
57
89
127
83
192
115
134
30
69
33
171
182
74
37
200
154
92
36
187
113
7
83
12
43
90
14
126
25
200
180
35
114
134
182
53
186
69
124
68
49
11
116
45
84
34
99
4
24
165
190
170
28
69
40
116
89
32
128
139
113
37
53
96
5
182
3
107
114
80
163
99
151
10
91
156
134
194
64
129
13
121
113
122
62
93
68
43
166
34
181
120
72
196
36
159
54
59
132
192
179
43
6
168
171
31
79
18
157
180
140
5
168
65
28
36
178
119
92
29
95
67
33
20
61
129
183
191
125
115
109
14
146
28
161
138
134
147
19
149
110
195
22
181
69
150
100
64
52
117
28
152
179
49
87
4
119
197
131
147
119
165
74
196
137
76
60
73
131
116
185
82
116
135
121
100
70
144
138
147
105
100
94
29
95
51
71
45
116
35
19
87
42
138
193
196
6
136
52
68
14
29
134
110
106
128
106
199
158
119
180
91
14
132
11
30
9
172
187
163
95
199
26
63
168
3
37
81
34
70
116
103
107
164
47
179
170
48
159
148
132
75
152
126
130
23
147
6
77
65
20
76
140
189
54
141
135
24
94
151
90
94
9
32
198
65
168
124
162
113
69
154
105
174
114
198
192
7
40
176
38
104
50
180
90
51
148
1
49
9
78
162
36
91
62
77
181
180
88
142
175
85
36
74
185
125
102
85
149
28
101
149
164
51
174
167
145
22
137
8
137
163
83
73
89
177
80
72
173
106
39
194
84
41
140
63
191
34
92
70
136
91
130
125
180
127
126
96
32
153
154
114
1
95
140
41
29
113
10
154
152
132
95
97
17
100
60
13
23
33
109
2
86
29
121
164
19
3
155
66
66
158
187
119
94
99
118
125
148
59
65
77
96
46
147
123
148
61
25
57
122
186
55
61
163
84
181
143
6
41
145
93
162
157
54
65
132
178
56
126
64
55
98
45
67
4
66
36
143
183
144
78
137
142
127
162
163
33
47
3
124
135
52
110
51
11
57
115
165
136
84
3
170
163
123
58
23
72
200
144
33
144
169
79
193
121
183
136
111
157
15
36
192
26
63
72
89
139
188
192
140
9
186
116
94
76
89
151
77
100
96
24
170
124
191
55
181
50
166
69
196
131
137
164
22
192
15
82
109
28
161
169
53
72
94
115
103
189
114
111
124
149
91
136
101
29
168
128
16
165
69
58
151
85
170
174
9
168
118
120
42
20
114
42
70
122
21
147
2
104
8
85
175
182
144
35
125
37
17
50
58
140
138
157
134
46
72
19
57
122
29
51
99
143
42
200
13
106
116
68
37
91
115
186
184
3
171
154
41
89
99
115
74
65
134
99
132
192
53
97
181
59
160
36
86
2
183
17
10
83
51
48
119
83
195
83
196
163
136
151
185
182
186
200
160
126
152
6
87
96
121
173
185
145
168
67
85
75
116
64
56
159
32
131
125
117
71
63
60
112
25
168
8
199
55
50
16
80
4
154
5
57
97
169
194
111
181
192
20
42
140
9
5
109
125
31
132
33
14
33
19
53
22
49
97
186
187
6
195
140
181
144
8
113
21
66
52
103
71
64
115
87
199
86
13
96
147
40
87
80
145
188
149
54
32
120
80
21
191
151
108
34
67
143
155
171
175
41
119
129
117
27
124
194
46
161
51
101
135
141
157
173
104
144
60
140
184
49
191
12
52
116
33
142
59
115
5
97
120
135
50
74
100
168
151
56
15
44
28
115
21
129
149
171
9
72
21
45
8
119
187
151
57
99
176
35
34
162
138
44
144
142
45
183
158
50
89
19
109
127
91
180
86
157
145
61
95
17
181
178
143
74
51
135
179
138
38
162
173
200
58
132
117
17
30
96
59
104
174
143
136
67
120
147
116
61
154
103
184
155
13
134
135
11
67
155
8
87
141
4
126
146
12
88
125
20
151
188
35
106
193
147
140
12
159
83
102
179
177
133
51
71
40
3
22
194
200
135
134
183
158
138
181
48
165
41
74
130
199
152
123
131
164
178
67
6
165
193
178
69
1
25
171
35
187
198
161
81
114
108
26
151
159
115
22
88
187
186
172
22
7
192
112
58
52
98
107
150
91
189
101
148
161
125
3
7
73
113
60
81
37
149
110
73
141
171
200
22
135
186
164
25
38
189
145
63
75
120
84
14
187
20
39
14
181
90
173
187
54
37
21
109
3
10
183
12
86
95
175
12
15
79
72
31
75
136
105
29
92
68
198
87
159
33
141
129
112
53
32
82
53
43
28
151
57
30
88
84
140
148
199
107
3
88
3
149
55
65
158
168
94
81
152
44
135
147
185
43
181
66
140
70
139
133
154
184
99
66
33
6
146
157
63
123
89
58
18
161
188
19
73
132
178
37
185
58
102
172
111
15
120
153
95
196
39
138
104
105
88
30
3
81
76
23
144
103
89
139
99
21
48
75
109
175
127
171
161
50
63
184
106
166
38
8
10
143
114
129
181
186
12
75
15
16
131
25
151
165
85
74
67
74
109
141
37
100
49
119
124
77
167
165
104
181
46
100
112
22
12
184
68
92
103
77
80
124
158
190
193
190
172
146
149
1
118
163
9
167
182
94
4
112
59
50
13
64
161
6
13
12
122
109
96
31
66
135
16
82
41
59
1
78
187
178
152
186
76
8
143
103
27
109
43
66
154
139
20
148
8
121
7
161
151
29
145
199
63
159
155
167
54
47
180
19
179
179
109
41
82
8
127
152
13
50
27
17
26
137
84
79
89
42
160
57
2
97
192
160
199
30
183
20
135
27
21
136
61
184
59
141
24
165
27
133
75
143
160
51
152
186
179
46
158
116
85
132
10
30
148
177
147
59
25
48
129
128
28
34
178
30
102
39
131
101
146
24
81
115
195
126
47
163
140
80
71
34
142
187
119
177
96
139
67
50
69
87
192
1
110
189
26
17
196
66
28
25
103
43
132
115
23
78
72
73
145
102
58
84
16
73
161
55
93
49
26
165
74
33
193
34
198
48
77
170
126
188
106
161
127
69
191
109
137
112
39
122
133
192
131
86
76
50
122
22
46
139
20
181
80
10
184
94
58
93
91
139
191
129
169
32
136
66
49
46
183
105
51
15
56
63
145
183
60
23
58
137
171
142
22
129
168
114
154
172
88
113
84