192
65
139
130
14
88
147
17
133
119
63
2
111
101
32
16
101
117
47
70
32
114
186
89
100
9
79
99
80
96
13
157
95
177
5
118
133
139
78
181
56
186
14
179
33
183
142
121
187
111
39
90
105
25
107
1
99
2
62
143
73
189
38
80
75
35
197
181
69
133
43
15
118
63
156
25
138
106
64
72
53
9
162
128
25
108
110
98
173
38
121
1
40
95
79
149
100
83
47
23
154
150
146
196
101
101
97
15
64
177
51
163
112
142
15
79
149
23
82
196
44
10
77
9
158
69
71
73
197
152
5
138
50
31
154
9
56
85
94
120
21
156
44
164
78
132
90
158
73
18
194
173
69
181
123
142
99
143
49
27
54
124
134
112
179
118
177
200
110
147
33
13
154
161
200
165
69
14
29
97
20
142
109
40
18
98
91
110
53
97
168
70
37
195
150
15
77
111
171
96
90
117
126
44
154
197
173
32
65
94
110
139
160
145
119
135
108
136
145
144
20
193
2
86
73
181
77
106
161
130
191
16
183
102
192
126
54
20
35
124
183
59
98
114
69
57
46
39
63
127
98
98
56
189
93
7
52
135
65
130
107
149
3
106
139
90
69
97
50
68
118
191
55
71
66
58
183
55
138
29
162
7
37
137
8
61
45
60
144
31
90
89
99
182
119
194
152
47
133
8
36
134
132
150
43
119
184
75
72
53
198
150
78
200
191
94
111
181
169
49
146
135
173
89
99
65
138
93
137
16
197
46
77
128
169
27
150
100
12
59
152
88
19
191
132
63
93
122
171
165
22
29
120
62
179
20
90
15
129
96
190
25
34
149
178
11
30
139
13
24
199
94
71
4
85
166
78
15
40
127
171
149
24
45
143
112
62
155
59
63
192
98
180
114
106
200
171
11
100
55
46
69
49
129
169
136
53
178
114
107
85
186
76
52
34
4
38
51
58
95
106
15
123
158
111
127
160
68
182
25
138
58
164
153
91
134
11
156
181
12
94
157
94
2
174
119
40
56
63
58
156
57
86
89
186
49
51
179
62
130
85
15
49
188
154
192
188
12
100
84
132
180
123
161
17
143
49
173
104
47
61
45
47
7
81
162
58
160
121
64
28
130
200
183
14
156
116
11
132
171
128
118
55
113
25
145
22
117
63
122
199
127
177
46
191
84
30
123
74
33
120
38
41
158
1
58
177
6
10
13
198
39
46
60
50
17
4
87
10
38
120
3
55
196
131
3
92
43
112
110
178
91
5
80
39
174
2
188
175
144
100
181
49
138
64
72
124
109
131
184
5
72
117
180
72
11
183
175
34
66
4
75
19
108
160
137
100
93
75
10
90
108
186
113
160
180
9
73
190
56
160
191
19
141
136
73
1
86
196
158
37
145
160
84
126
98
149
151
25
119
186
2
26
21
108
134
27
151
66
101
83
166
74
30
57
184
106
116
110
106
118
173
174
41
177
165
157
127
162
97
199
43
154
35
58
79
160
115
144
182
11
169
128
108
102
15
152
7
4
200
188
109
176
153
119
61
109
124
182
127
190
71
56
126
117
111
19
69
182
82
171
119
63
131
108
86
170
40
56
85
29
42
122
50
64
73
87
182
151
42
1
82
115
78
13
19
179
141
44
31
176
147
37
55
64
105
11
111
186
68
122
147
185
153
128
102
18
41
31
80
51
169
141
47
57
92
161
143
82
93
23
105
17
102
102
135
43
57
48
127
77
81
181
67
88
117
67
166
166
173
116
74
175
57
89
175
99
47
18
126
59
170
182
25
176
137
44
41
21
28
130
108
151
128
97
91
74
172
123
191
108
103
174
33
126
164
198
166
113
76
122
37
66
45
19
97
81
56
6
82
45
187
69
69
81
159
83
177
122
122
150
37
37
53
140
12
183
93
155
85
71
52
185
84
80
161
118
107
60
162
191
131
45
175
39
129
175
15
177
46
104
101
7
47
64
48
182
19
128
195
22
50
1
82
53
137
118
25
139
176
169
199
172
135
117
173
129
48
159
150
23
44
151
182
64
17
186
90
183
101
140
41
73
2
10
83
15
22
195
197
83
192
71
38
96
199
125
150
56
11
56
82
78
96
128
12
103
70
86
161
28
34
137
40
86
165
99
69
70
54
115
125
41
48
137
165
24
181
163
94
127
167
190
106
106
95
181
177
115
30
106
133
73
73
64
116
174
143
15
77
19
40
74
140
27
152
21
149
138
86
3
30
152
15
64
165
37
178
136
180
148
36
111
117
176
117
172
131
152
84
190
91
134
146
82
20
24
103
70
13
11
198
142
179
86
184
34
102
10
127
85
59
171
163
172
72
57
17
98
150
50
144
166
92
77
45
90
111
17
179
121
180
161
151
44
146
119
173
109
26
58
192
191
77
18
12
29
17
118
184
138
123
188
121
172
31
197
198
4
71
197
194
176
192
195
46
38
87
93
36
139
65
130
105
147
141
89
165
17
60
184
86
48
140
173
113
159
195
69
4
131
105
154
35
182
83
49
109
1
81
144
178
13
154
22
190
144
158
177
121
166
96
22
7
96
118
198
16
174
138
69
133
29
92
27
78
160
25
49
16
9
144
95
139
77
169
164
157
28
26
168
112
190
66
138
160
78
81
158
70
158
162
43
156
77
142
105
19
185
59
185
62
38
184
14
130
133
127
36
122
62
96
165
12
96
187
11
159
89
46
48
153
45
164
80
189
146
163
184
193
168
158
186
175
91
66
126
62
116
87
115
54
142
25
146
21
103
29
189
126
57
192
163
46
181
78
121
131
169
53
175
96
169
147
69
161
111
91
97
40
182
30
66
158
155
90
200
68
50
36
126
142
80
57
163
18
43
36
101
131
183
185
6
1
29
181
37
86
168
131
22
145
91
55
163
147
116
43
186
174
75
52
185
79
18
108
155
126
85
145
38
59
39
87
179
111
66
115
4
66
103
69
56
61
21
35
124
9
153
108
114
198
18
15
60
199
33
166
165
107
162
65
196
132
9
192
51
161
117
142
101
193
183
95
47
41
4
44
122
42
25
124
10
19
172
97
153
142
5
5
21
57
62
157
157
158
17
21
103
13
141
116
99
28
22
76
9
44
179
58
33
39
78
149
189
92
12
161
82
102
182
131
84
69
138
128
186
147
4
97
198
39
3
80
171
44
116
34
132
138
96
1
196
27
173
127
20
45
104
172
88
184
133
94
126
182
178
95
96
35
105
178
48
135
1
58
184
110
42
155
6
167
149
33
133
72
77
10
95
38
163
199
108
127
65
184
141
191
169
141
39
83
53
2
9
95
120
66
197
42
73
28
87
24
52
5
163
122
140
140
6
62
50
62
76
30
145
11
4
73
160
119
33
52
46
11
80
194
24
70
104
174
157
1
190
81
110
6
138
88
80
6
184
135
37
27
163
192
173
71
139
15
102
115
75
74
97
137
70
41
139
149
176
53
128
148
151
60
197
19
47
161
147
93
126
25
158
17
21
37
109
167
87
67
125
155
53
27
61
39
101
19
87
145
79
2
156
176
145
15
128
72
119
72
108
127
42
68
116
128
105
42
1
45
5
140
21
120
123
178
21
187
33
173
193
65
17
33
42
86
152
111
138
16
184
45
49
123
4
137
190
135
53
199
98
152
161
187
49
15
171
53
121
80
61
88
66
86
81
1
106
177
173
145
136
177
197
191
177
17
97
57
90
97
192
61
155
119
136
76
157
133
183
55
198
174
103
26
77
1
168
63
34
165
167
38
83
20
115
141
37
104
195
44
37
103
24
165
135
133
38
93
41
119
188
133
12
138
65
103
71
108
59
137
194
101
150
181
20
191
185
83
99
200
87
50
7
127
139
70
13
167
11
29
168
199
40
67
99
118
197
29
134
141
41
41
51
26
31
192
140
132
133
194
124
198
67
29
138
107
130
61
197
46
91
33
139
76
169
146
115
54
178
46
112
197
191
115
130
120
72
63
79
184
103
57
22
73
116
30
56
121
85
143
64
148
33
73
131
91
175
5
145
113
29
95
20
176
94
101
6
76
74
82
18
87
183
47
98
70
46
112
168
83
79
83
73
174
54
76
22
150
71
79
63
90
169
11
2
149
144
81
28
140
111
194
5
61
106
66
106
193
20
104
34
191
143
151
90
182
118
119
114
20
77
72
117
25
71
30
147
192
133
92
74
111
132
169
187
123
178
139
133
49
28
109
63
14
18
91
152
159
176
6
159
110
118
66
2
139
52
191
141
85
117
13
199
173
45
69
168
80
66
90
155
110
200
133
156
81
109
182
135
172
175
152
63
22
62
121
148
21
71
4
13
137
33
50
119
152
75
166
199
61
19
62
198
91
172
125
58
143
36
125
128
173
190
17
94
50
200
68
36
68
96
150
54
95
198
34
81
103
165
22
110
8
97
4
31
23
72
195
118
99
112
108
83
139
139
23
193
110
80
35
18
39
97
199
2
120
194
97
111
126
137
62
30
150
139
60
79
96
141
61
105
37
158
166
52
167
69
12
22
49
123
169
149
13
72
69