43
151
51
145
161
20
30
47
143
166
73
85
46
40
60
106
176
170
49
16
36
162
191
79
184
122
70
29
124
174
39
11
106
42
107
14
120
76
46
119
31
32
90
91
53
145
175
53
122
32
12
144
172
153
63
6
147
186
60
175
185
171
179
155
186
66
132
99
174
163
158
178
46
46
185
173
21
59
52
199
110
7
195
159
175
145
125
183
194
167
58
178
9
186
11
130
35
150
48
19
39
167
165
22
7
160
67
179
187
113
57
170
166
82
187
183
137
135
80
190
179
39
90
119
125
44
65
11
112
74
193
153
51
193
42
143
142
116
119
158
126
117
34
129
194
140
64
21
24
195
84
28
189
33
170
16
56
108
86
111
4
33
103
128
169
64
104
152
182
28
137
192
26
196
55
78
104
167
167
8
68
137
25
1
200
109
101
102
158
198
126
132
106
168
150
57
156
174
26
116
50
90
30
173
131
64
105
70
106
152
108
122
169
172
84
13
93
69
129
182
54
121
69
197
127
148
14
194
192
61
122
87
70
165
50
190
3
118
189
49
167
99
12
141
196
139
200
156
101
55
91
68
160
175
171
1
112
20
15
154
18
46
61
32
65
96
70
40
32
161
20
35
10
5
61
197
57
148
83
194
129
59
61
162
189
87
47
122
69
110
198
129
18
30
173
185
108
16
140
103
50
57
180
46
146
39
173
75
167
161
105
43
164
2
191
185
159
179
120
64
191
193
10
25
180
20
86
50
36
3
180
127
63
181
162
16
37
80
139
4
124
90
107
116
104
143
96
24
193
111
58
25
7
114
10
62
148
11
98
136
120
163
165
25
43
73
23
90
183
168
47
106
173
144
38
146
50
159
117
200
158
71
15
153
156
18
104
72
100
130
94
4
88
135
101
111
182
1
63
187
181
85
137
175
102
97
118
61
1
69
107
44
175
148
55
190
66
95
147
143
145
47
19
78
51
15
13
21
7
195
20
104
95
145
5
51
49
42
174
118
80
108
98
18
59
165
178
14
75
160
76
59
175
180
19
129
81
53
68
193
28
137
87
110
105
7
96
110
116
187
118
113
53
166
78
93
188
160
156
77
166
189
158
147
32
132
25
149
115
54
46
4
129
18
62
57
177
47
13
66
127
99
79
74
24
122
172
128
64
128
54
87
52
143
129
64
23
164
58
187
38
138
127
185
82
59
198
70
181
135
135
97
192
90
104
180
153
180
50
28
94
43
60
118
197
164
79
123
144
4
99
8
125
42
120
110
128
143
35
16
89
148
10
182
113
29
106
176
185
29
17
10
49
146
142
30
181
133
32
81
55
91
161
50
109
80
95
74
165
67
11
142
115
79
107
36
20
126
8
78
81
9
12
42
22
46
190
121
1
26
127
168
171
118
98
64
53
99
128
56
62
39
81
111
48
160
186
165
18
66
116
93
113
127
91
133
60
111
68
117
24
27
107
60
62
22
167
41
162
92
59
71
158
199
111
17
83
98
127
135
64
137
14
152
139
198
114
101
124
121
79
145
80
148
134
160
91
26
89
21
66
144
34
6
3
121
183
106
96
135
189
82
39
24
200
28
25
43
41
21
68
43
115
166
151
52
168
105
96
70
166
139
169
89
122
103
165
150
129
130
80
106
64
66
139
71
102
44
149
105
41
15
9
84
175
51
151
65
128
31
22
166
63
106
63
130
8
120
196
82
175
183
11
68
106
87
142
119
133
1
79
11
185
135
38
63
82
166
45
15
114
23
141
55
129
15
21
170
5
83
5
83
119
75
72
11
2
52
118
149
145
59
100
7
43
112
28
17
10
113
38
127
200
106
151
164
111
197
1
166
86
131
83
128
2
117
67
8
157
32
122
33
82
179
11
17
45
174
47
111
182
71
187
42
68
42
163
122
159
92
188
7
57
181
170
117
44
200
131
1
1
44
61
197
26
72
116
178
69
165
60
101
142
60
176
34
151
188
125
187
87
12
24
119
115
95
185
180
74
49
110
112
64
150
16
54
158
182
191
196
185
187
88
84
78
54
192
151
17
37
93
119
150
96
191
64
86
185
124
116
21
16
142
61
162
130
81
3
40
73
72
197
194
121
124
117
168
98
155
79
1
197
125
59
86
30
95
169
51
91
27
2
184
135
146
82
101
37
100
134
191
53
195
136
76
124
11
72
181
39
18
159
46
180
44
70
60
145
74
14
113
200
144
93
21
184
98
9
2
39
52
122
193
46
79
170
16
138
145
42
152
66
174
103
107
7
109
165
151
20
87
106
153
72
60
45
127
163
198
144
104
152
73
11
135
62
147
192
166
125
167
150
67
114
13
26
88
45
114
42
66
27
131
183
82
169
3
126
62
186
184
183
175
122
12
24
98
99
50
138
46
4
81
100
31
84
103
140
183
82
51
64
107
100
121
105
121
59
53
62
55
8
110
80
156
72
33
54
40
58
48
166
73
137
142
135
176
37
156
61
174
13
163
166
157
158
140
8
183
126
80
178
165
97
98
158
97
77
46
161
96
148
27
174
14
68
107
15
145
35
138
104
26
178
41
83
24
112
139
101
75
62
108
180
87
87
76
36
105
104
23
127
104
5
73
28
130
76
194
9
106
89
114
107
123
124
128
90
68
39
198
125
64
80
54
189
172
36
90
89
162
2
108
93
163
58
26
109
175
154
20
174
84
89
121
64
85
181
179
149
118
65
41
59
168
108
193
27
87
12
139
147
162
177
76
142
32
18
61
157
120
104
190
51
101
80
37
58
80
192
19
84
196
151
183
38
96
67
131
45
164
90
86
11
170
16
109
93
180
124
22
166
102
104
197
107
16
179
190
63
15
148
58
148
113
142
83
137
175
119
64
87
183
51
102
169
140
156
136
180
143
113
89
30
157
141
84
19
132
100
173
120
200
1
88
2
190
46
79
133
52
186
35
7
168
160
174
63
10
64
91
94
70
194
133
65
24
68
178
188
138
49
11
57
15
175
44
130
133
49
25
70
177
63
108
81
115
134
26
179
16
167
150
188
122
112
105
179
162
116
192
9
55
89
11
67
38
60
198
170
182
50
7
87
106
9
146
198
25
3
174
45
124
87
56
40
173
139
5
118
94
116
48
179
164
2
129
90
131
134
129
96
82
108
89
101
140
29
190
199
56
182
1
171
7
41
128
97
159
18
134
53
182
76
185
19
78
118
150
116
160
142
97
61
196
193
195
88
45
107
124
182
110
150
193
143
76
20
163
108
152
140
37
145
68
182
108
124
44
14
200
10
192
2
45
189
115
24
50
47
73
135
155
2
66
169
53
190
57
189
7
152
77
44
128
15
128
190
154
152
57
50
66
14
166
24
188
87
21
106
86
159
186
38
144
31
78
119
30
3
10
1
50
95
60
165
106
44
140
135
187
176
64
35
73
192
76
108
99
166
91
174
157
176
109
43
31
52
168
193
33
196
29
149
120
64
142
126
10
141
131
19
83
115
51
127
19
182
74
162
124
14
176
98
155
169
188
92
4
127
37
175
55
195
38
97
171
98
162
20
16
61
131
20
62
98
80
7
59
50
160
88
124
36
45
29
129
48
32
191
37
93
17
150
126
188
43
57
113
5
6
147
174
89
97
70
104
148
166
100
162
56
17
195
191
125
78
176
130
38
171
27
148
173
68
39
140
165
79
86
63
113
118
84
171
43
152
136
81
161
6
36
62
118
200
169
22
169
111
133
139
159
177
88
198
128
149
1
63
124
164
185
71
188
166
103
112
17
48
36
84
141
134
187
98
102
115
15
166
31
104
82
132
76
145
68
28
48
110
155
90
24
177
175
66
47
123
1
176
118
116
95
78
193
135
185
163
60
101
135
128
34
142
154
180
191
84
108
91
86
90
25
93
114
24
195
89
34
109
86
159
100
194
3
145
38
84
130
5
186
111
150
59
71
192
87
184
146
131
168
79
175
167
112
76
161
192
189
129
178
144
125
88
97
163
58
24
92
67
17
30
171
90
183
76
167
34
161
31
178
158
119
77
197
106
136
141
31
33
182
193
87
35
111
45
83
69
80
155
151
48
165
173
197
41
161
26
80
163
190
106
132
115
195
120
53
70
20
121
192
44
151
32
40
89
11
52
51
137
81
64
47
172
130
34
73
150
125
120
74
114
195
187
109
177
93
177
156
143
67
98
39
44
99
177
120
60
89
115
23
55
77
6
153
82
153
196
146
196
125
119
23
59
159
2
186
27
41
45
61
4
9
180
137
172
183
155
195
36
190
112
171
93
126
21
164
25
65
119
28
3
78
181
133
94
23
100
66
56
86
14
197
73
193
28
86
17
103
10
163
107
145
135
65
179
191
79
136
137
69
167
178
31
111
158
188
113
163
200
195
192
127
19
109
21
161
112
30
64
92
102
145
132
152
179
11
26
91
172
169
94
27
95
96
167
60
182
114
26
111
62
76
96
95
147
187
18
97
147
177
114
163
185
60
92
33
6
113
126
34
58
179
120
110
175
63
75
23
20
113
164
88
114
149
167
175
95
21
88
192