169
146
39
167
29
132
137
70
103
166
113
166
15
120
12
107
141
145
17
163
66
149
34
65
132
179
5
88
77
114
22
167
52
189
122
157
32
129
34
166
153
132
87
124
197
146
65
135
106
43
35
77
199
55
93
31
39
12
2
61
160
25
32
92
165
5
146
105
63
151
81
129
175
116
55
37
30
192
94
128
186
90
191
65
95
166
196
165
176
36
141
59
93
67
178
61
142
102
76
48
8
103
24
185
121
80
66
22
194
162
134
24
175
13
159
135
66
162
181
110
38
49
36
176
133
76
196
108
10
140
100
85
27
85
4
109
84
119
52
63
7
97
166
144
189
146
171
144
177
190
173
125
175
22
4
81
16
98
192
126
191
127
90
94
133
148
57
41
98
53
143
36
15
49
3
97
42
133
121
153
176
84
51
119
51
49
114
159
98
183
52
106
37
181
82
46
72
123
20
92
90
105
41
49
168
159
46
93
146
87
160
15
101
3
116
160
168
195
32
3
54
58
149
93
150
187
42
29
178
195
36
102
106
126
140
150
190
81
10
187
188
166
110
165
81
61
84
33
85
195
101
198
18
61
108
8
59
79
150
186
197
60
93
36
177
22
145
80
44
166
69
4
82
146
104
124
170
44
126
162
84
193
17
44
67
65
85
200
119
7
118
87
168
193
53
37
52
56
22
44
42
9
136
65
199
110
128
180
102
84
187
39
161
135
2
53
169
155
63
37
96
11
179
104
117
30
132
122
9
116
26
154
53
179
170
192
158
109
188
107
38
191
142
102
99
10
199
85
76
3
171
177
4
199
27
115
102
50
67
10
13
94
73
159
80
39
41
76
65
1
199
67
87
46
121
25
192
198
9
11
118
175
155
24
134
63
64
123
31
101
80
156
23
59
159
79
94
3
58
105
150
143
152
171
173
29
148
134
58
130
117
13
130
15
170
72
193
128
132
165
132
137
78
40
42
79
51
23
4
30
63
84
180
97
167
88
132
81
190
65
139
95
131
56
17
172
88
181
8
41
97
98
14
157
182
112
15
78
104
179
127
105
142
101
96
152
46
78
74
17
73
78
146
70
112
116
44
52
120
117
22
39
84
65
89
184
118
187
132
33
25
130
27
161
137
92
101
150
123
167
52
117
182
145
181
63
75
160
28
181
73
65
52
27
36
177
126
133
173
183
157
189
177
197
129
172
166
92
51
126
159
143
81
84
42
6
7
171
36
96
44
112
12
23
73
34
71
46
83
76
18
87
196
72
110
24
93
144
187
44
40
85
121
96
55
90
112
113
67
152
27
12
105
124
96
113
1
50
162
19
165
128
115
126
38
159
16
6
4
40
191
32
149
33
116
107
103
142
11
161
71
10
100
112
100
125
150
87
10
178
51
93
180
40
178
159
172
133
154
167
31
120
129
127
137
179
10
173
132
113
18
34
36
160
197
29
114
49
39
118
37
59
83
109
78
124
108
128
62
56
130
106
159
177
35
150
165
150
129
139
105
47
101
22
122
156
177
198
33
90
158
112
109
86
48
22
1
197
12
56
189
122
48
116
5
43
195
195
60
47
50
30
7
63
46
171
177
173
102
1
134
5
154
170
32
105
193
167
157
130
140
24
95
190
98
78
157
198
184
170
53
164
53
11
84
139
95
113
19
136
136
139
15
63
8
18
52
200
18
4
34
162
49
185
146
169
105
185
73
180
37
59
11
81
56
69
16
69
92
121
18
12
79
65
175
36
64
38
180
157
113
120
104
43
123
124
72
187
94
5
104
180
166
5
89
153
89
103
78
65
132
19
196
164
146
66
11
162
3
104
172
22
83
11
180
53
36
32
31
107
67
172
108
81
148
60
17
152
46
145
175
53
154
29
121
35
169
21
100
35
116
77
67
61
98
110
151
78
109
104
154
123
39
163
40
144
59
7
164
66
61
191
4
107
65
79
36
144
62
58
81
107
43
125
36
118
8
179
172
14
129
30
175
199
60
36
127
85
173
29
185
76
54
79
57
59
129
36
75
113
74
91
197
80
15
162
185
39
53
24
165
1
173
41
13
103
168
125
12
129
150
109
102
154
178
67
90
188
38
132
137
143
75
191
107
12
169
14
119
174
169
186
144
108
175
48
200
71
200
89
148
35
114
33
139
199
116
140
10
116
83
68
177
87
164
68
176
113
143
90
84
108
11
30
25
119
145
130
137
74
165
165
63
16
200
180
163
163
37
121
167
45
96
160
4
132
98
93
163
35
30
174
98
79
9
168
72
172
24
19
69
76
55
9
1
57
86
113
126
16
15
21
38
136
143
58
74
56
117
88
122
134
184
200
15
8
9
144
38
161
146
128
200
185
50
176
171
101
75
92
29
75
169
88
170
126
198
85
87
53
14
141
95
192
86
192
176
173
55
66
96
97
107
19
164
140
63
36
121
43
176
11
151
14
150
59
112
122
170
93
70
80
59
101
106
134
176
55
156
70
162
125
110
139
122
57
99
82
200
110
58
49
113
9
12
12
136
114
61
132
47
62
153
107
189
73
190
126
124
53
196
190
17
173
173
47
48
103
72
112
165
158
132
55
109
61
189
198
11
192
61
200
86
126
50
73
42
171
175
73
118
141
176
136
113
173
156
199
33
21
76
77
23
81
37
133
16
99
169
70
28
14
129
189
84
168
23
47
147
131
189
84
71
9
75
120
34
37
123
110
112
1
26
57
13
186
74
68
186
55
188
122
13
99
21
22
117
31
35
113
14
153
52
66
17
96
13
84
45
105
165
126
152
155
200
24
44
69
162
159
101
173
121
94
61
19
37
23
21
86
120
161
143
160
69
152
151
141
77
92
167
92
154
116
165
7
146
99
86
105
99
199
84
129
150
175
31
10
131
63
118
136
60
27
199
123
81
48
50
188
49
148
184
136
83
19
1
104
64
76
15
11
34
187
108
59
102
59
22
16
21
31
105
162
96
99
125
165
160
64
27
176
84
93
54
89
146
147
142
171
37
193
88
20
136
63
26
3
80
55
62
44
63
82
126
14
27
66
164
39
9
60
12
45
25
88
42
11
42
120
64
169
97
142
106
60
92
58
58
188
22
67
93
112
46
32
58
32
7
136
150
140
141
95
157
101
15
79
111
194
124
14
7
87
43
85
156
148
49
198
7
96
148
116
101
72
26
34
190
8
184
17
131
12
20
109
22
84
22
155
35
197
67
58
130
46
48
169
184
17
76
3
180
73
147
100
144
77
179
6
15
70
7
67
138
19
14
55
200
57
95
117
177
26
166
31
30
130
102
63
50
38
76
176
147
132
180
50
46
126
159
94
167
110
142
122
3
186
66
72
93
74
140
28
21
183
98
183
127
89
115
33
43
63
54
133
85
98
81
79
160
80
63
17
20
196
101
91
113
197
52
182
36
88
193
68
146
152
65
199
77
159
125
22
5
73
112
181
10
122
60
31
188
53
94
50
54
150
4
12
67
108
64
183
109
113
169
155
142
174
52
58
60
23
94
52
175
129
98
140
19
34
198
196
196
154
60
47
179
152
88
32
151
142
48
166
153
158
72
160
67
179
107
143
27
79
182
32
109
88
84
72
86
192
181
195
115
193
76
42
115
18
24
82
70
2
88
39
146
31
98
112
73
44
175
8
84
172
95
76
198
25
174
102
108
192
172
198
127
79
131
133
76
1
124
179
153
52
8
187
175
68
136
55
134
42
55
156
98
121
43
183
179
37
76
147
64
109
73
150
88
154
144
99
49
75
91
4
149
85
116
112
195
180
141
127
38
152
190
63
56
188
35
70
21
34
39
61
66
36
24
157
40
31
195
34
18
67
198
178
151
161
191
182
163
120
69
91
17
79
104
133
155
122
8
45
29
123
33
46
109
7
116
177
5
21
80
173
92
191
18
188
130
63
10
113
119
100
150
140
118
69
8
59
94
77
121
73
1
78
90
30
56
191
63
74
114
180
132
191
186
123
151
163
8
158
90
155
142
103
150
159
171
155
37
182
40
124
119
153
156
85
53
109
121
37
79
150
41
194
55
177
82
187
25
192
9
74
62
149
158
56
111
13
187
113
97
90
151
99
78
8
108
91
182
146
7
86
12
137
162
42
27
131
97
19
93
100
115
70
73
10
18
142
1
134
98
189
188
34
72
70
186
44
189
122
128
115
126
94
159
123
95
156
5
84
130
174
190
52
44
166
7
133
144
154
191
10
15
188
180
143
144
31
20
147
23
143
189
15
179
103
200
130
98
105
191
131
132
64
134
128
168
80
97
190
20
97
175
31
135
187
79
181
140
194
109
144
64
174
196
190
199
119
186
174
39
68
180
171
53
137
28
48
88
33
18
141
43
138
104
94
2
151
125
155
133
154
173
172
184
90
25
76
40
16
17
159
19
193
46
113
83
43
86
70
43
44
53
71
198
22
183
55
111
165
199
140
38
1
2
133
60
52
185
24
159
16
63
25
12
145
197
11
131
152
121
132
195
173
126
73
45
31
124
140
150
161
59
122
178
149
37
121
187
130
194
128
167
60
53
49
94
85
165
131
10
112
20
58
194
83
38
17
114
37
197
166
98
77
126
170
135
4
193
119
145
37
33
185
141
102
76
31
104
175
35
7
174
82
120
193
186
119
100
182
40
6
34
150
103
37
11
64
121
153
56
71
151
2
10
155
81
100
111
51
77
146
137
104
154
75
133
177
46
122
127
164
193
140
12
179
153
104
58
111
99
190
84
86
146
68
11
7
38
32
84
140
81
186
9
163
70
62
109
147
36
93
110
168
167
154
32
152
141
39
18
63
178
165
86
66
80
57
108
30
99
100
100
79
100
58
146
179
191
191
179
110
183
164
102
6
24
37
39
169
24
60
97
125
180
2
27
141
35
80
147
131
75
97
11
39
90
60
197
100
97
17
75
3
37
95
55
171
180
179
115
54
199
135
120
104
134
27
45
29
36
48
69
159
198
127
82
96
97
156
121
61
173
54
2
10
173
39
52
75
187
191
172
53
137
30
83
73
32
74
41
29
30
195
43
9
122
165
118
181
137
180
85
52
33
163
133
47
143
165
42
166
154
66
11
98
75
33
13
189
119
25
45
3
31
50
146
157
17
107
136
94
65
68
32
23
25
171
98
21
40
18
192
88
29
77
172
108
183
179
39
70
109
166
127
17
142
184
187
170
80
80
148
76
188
27
140
168
130
40
81
69
86
184
5
104
103
75
46
96
89
28
117
137
173
27
22
141
164
72
134
65
112
170
116
187
104
194
163
43
187
158
79
186
26
133
64
62
132
40
27
118
50
35
163
2
72
145
9
199
194
189
56
186
127
52
151
85
87
180
98
171
145
89
129
126
27
103
90
99
18
114
80
43
114
45
189
7
20
49
174
186
80
56
91
142
103
48
3
107
106
78
4
121
105
126
98
57
190
109
145
50
100
163
119
46
87
26
197
47
93
23
84
196
103
193
4
73
195
61
191
194
32
194
139
109
65
24
70
71
85
24
54
123
171
128
151
85
11
199
46
84
43
114
168
45
41
46
112
177
116
8
75
52
10
56
61
153
87
118
110
17
148
85
188
115
97
41
144
18
66
37
57
199
170
154
156
106
113
187
111
174
97
65
5
30
77
134
42
23
125
107
101
26
58
190
4
43
15
74
177
5
167
193
154
166
10
161
119
63
128
160
140
23
125
16
110
123
97
97
169
20
78
32
107
179
57
77
106
81
27
110
54
7
32
197
147
185
56
165
55
194
186
130
138
72
11
59
109
97
104
5
66
123
59
75
125
17
75
7
56
168
6
40
69
126
21
69
62
115
189
5
156
74
195
136
82
139
116
73
61
90
182
5
9
112
9
77
137
52
8
19
99
21
186
130
134
146
137
163
67
59
146
75
194
129
39
130
166
153
116
29
127
59
25
78
62
170
79
181
76
52
120
169
138
53
58
54
38
199
91
26
45
17
143
56
98
179
39
94
57
100
197
121
28
95
193
120
194
137
98
51
73
148
16
49
17
10
186
114
128
137
34
126
171
84
55
109
6
15
57
51
93
149
93
1
64
184
182
76
8
142
132
3
6
98
191
162
8
67
156
126
51
32
126
174
95
42
25
42
75
47
199
88
17
104
16
69
173
163
152
95
48
75
51
95
123
76
6
81
85
104
105
187
8
117
57
147
77
69
16
159
28
5
109
162
199
199
96
114
44
61
6
98
46
99
84
123
1
53
178
171
9
171
69
59
23
138
83
176
24
193
77
100
31
166
65
108
159
75
69
140
88
179
142
6
165
46
150
92
129
1
110
3
155
67
176
121
83
15
5
101
76
157
18
179
190
29
68
73
6
170
29
102
14
128
164
141
194
118
180
50
185
39
1
37
32
28
83
149
174
14
133
167
38
31
106
88
163
94
119
185
117
142
25
155
165
139
199
162
71
117
108
166
2
87
71
119
112
141
102
123
184
28
35
20
51
166
162
27
77
9
27
74
171
121
107
130
180
129
164
182
165
105
126
107
98
67
24
47
52
150
154
125
87
97
76
195
131
48
55
99
50
174
60
125
25
193
61
104
92
140
138
145
150
116
156
180
74
12
103
23
151
49
10
124
157
135
4
24
185
151
3
141
138
136
59
55
153
19
74
104
46
31
133
127
63
67
64
171
181
28
162
45
98
79
24
114
65
25
107
4
59
159
8
44
178
116
136
18
85
134
120
76
178
152
109
168
142
62
61
150
149
54
96
133
146
19
55
155
160
3
165
118
153
121
26
159
63
24
126
27
131
83
8
118
182
163
114
16
145
101
188
25
132
140
137
19
6
9
96
200
159
120
76
152
145
52
105
67
34
125
25
107
79
31
104
144
62
143
12
142
82
194
167
16
200
14
12
90
166
54
176
54
65
27
17
188
13
177
24
122
118
115
34
23
81
74
90
152
171
193
81
36
25
122
30
55
52
195
177
180
140
100
171
94
184
96
31
171
155
21
51
6
67
160
19
73
47
57
59
43
105
53
123
94
14
117
85
91
171
97
181
22
101
5
61
107
169
80
84
168
82
124
86
126
195
181
146
139
158
137
58
31
168
77
173
137
175
30
110
50
55
199
88
30
3
176
52
129
152
162
79
112
105
81
71
115
98
145
13
95
108
169
50
115
28
189
6
128
136
16
53
36
171
62
109
21
54
2
55
78
7
54
119
116
37
177
157
79
45
45
43
106
60
5
198
64
130
67
190
5
12
168
94
146
79
115
120
104
163
107
188
178
122
3
195
165
107
122
74
70
152
132
17
35
170
105
173
72
21
183
122
31
61
162
97
3
104
86
76
131
18
24
82
117
150
42
47
142
47
189
90
84
20
177
83
94
128
69
78
82
86
172
127
135
138
45
87
36
181
175
92
43
127
62
79
31
137
158
142
106
122
128
78
27
179
51
107
117
76
129
113
73
48
143
173
74
20
39
108
55
112
137
138
57
59
133
119
138
147
142
91
198
38
90
153
101
45
149
4
160
56
115
168
59
150
48
36
79
166
98
132
115
33
134
197
39
56
64
39
139
38
111
119
184
66
146
89
3
164
134
173
183
89
138
150
199
143
46
67
67
163
93
132
4
56
126
104
76
78
174
183
88
26
140
112
77
182
157
199
170
170
40
183
43
49
38
94
191
135
150
67
39
100
36
30
57
110
5
146
43
56
147
37
44
91
25
158
7
77
129
154
83
82
102
6
136
186
155
186
166
1
119
190
193
173
198
164
144
135
44
164
15
66
94
177
67
5
34
13
163
160
97
22
155
14
130
30
143
150
15
197
41
5
94
31
176
24
178
113
159
71
115
121
60
139
134
113
9
87
45
185
119
6
139
110
171
42
186
141
78
34
92
60
61
181
47
61
39
89
8
58
146
105
119
63
82
50
190
197
8
177
152
69
197
83
138
139
43
100
198
93
115
121
12
134
19
193
86
16
76
90
70
129
167
119
105
45
69
200
176
26
63
16
116
95
189
147
39
134
85
8
15
76
139
61
1
30
48
38
15
199
82
4
25
115
163
129
43
39
38
121
147
193
151
131
149
18
66
72
3
18
198
41
179
185
59
38
155
140
98
186
95
168
62
22
190
66
56
189
188
196
141
116
80
171
31
74
104
90
100
91
124
99
141
38
181
119
192
68
44
108
174
96
59
157
161
154
43
4
37
47
41
32
73
38
192
134
191
48
192
184
67
192
65
110
84
116
48
51
99
64
126
197
36
18
95
178
43
27
23
77
46
10
27
137
71
142
75
25
101
102
165
82
178
100
115
22
116
69
171
104
99
176
33
128
152
151
161
37
130
12
136
34
162
45
192
26
139
72
103
39
144
61
115
19
51
32
18
164
94
72
171
53
92
51
26
28
157
47
126
22
74
123
176
172
123
98
87
93
88
102
192
10
142
42
162
65
7
79
112
134
49
84
76
166
77
191
141
109
156
14
109
47
144
153
55
147
87
45
155
29
163
25
139
141
109
196
76
83
139
93
54
114
145
172
92
4
193
191
23
139
113
75
50
49
55
154
136
157
168
186
158
67
95
120
80
197
102
195
147
1
85
123
63
44
37
112
2
191
72
161
167
119
77
170
35
170
30
108
3
157
68
120
173
128
58
131
197
84
150
34
39
104
165
130
177
131
50
126
130
91
80
140
17
144
10
171
153
188
141
71
80
34
82
11
85
57
112
10
15
160
149
68
103
113
85
114
4
185
179
99
56
42
89
116
72
48
139
138
177
85
148
127
50
191
165
131
115
59
22
184
20
120
91
82
32
147
133
185
32
163
103
65
16
153
83
95
79
56
7
41
117
128
164
21
127
106
151
110
35
128
183
67
124
145
189
140
181
13
136
63
25
146
172
47
115
10
197
64
156
44
72
122
51
163
102
103
192
133
199
175
35
195
162
24
47
29
120
28
111
155
122
159
139
137
31
92
147
135
56
182
163
167
105
107
77
140
130
157
148
144
175
99
102
133
116
143
160
155
53
123
14
5
45
194
140
72
93
71
164
170
180
159
167
16
151
117
198
157
99
8
181
92
54
160
76
103
63
9
125
2
52
77
130
43
150
64
8
13
199
8
175
128
106
77
150
199
10
33
74
135
59
50
150
65
8
9
102
114
97
165
76
14
88
88
4
45
3
14
120
167
22
65
125
151
186
118
129
95
99
182
26
145
111
15
80
168
31
13
148
79
174
47
154
28
5
98
123
177
189
20
26
163
82
46
19
94
13
15
80
119
72
67
29
55
4
138
155
9
7
102
47
195
65
42
30
123
149
109
110
19
92
37
20
195
174
161
12
124
12
27
186
117
59
151
9
77
42
195
170
183
54
115
44
36
163
103
74
38
120
159
171
189
29
26
84
153
95
102
21
132
93
17
41
77
42
26
95
125
3
108
82
121
105
65
21
76
62
142
145
112
199
159
84
10
109
155
76
107
45
146
69
160
132
34
144
61
57
37
109
161
134
60
61
175
45
75
3
50
58
128
1
179
161
132
76
83
141
52
38
87
16
176
51
87
77
112
81
180
9
194
96
5
31
151
75
102
132
142
111
56
81
26
120
59
92
148
136
88
139
60
189
56
116
174
52
86
49
61
84
78
49
182
169
89
126
141
141
121
38
183
118
168
144
29
129
157
140
64
70
64
5
76
49
173
159
168
93
187
4
60
126
38
24
75
42
121
25
144
24
190
99
6
129
86
176
135
158
149
26
198
75
72
182
6
105
183
153
139
146
152
177
15
82
181
45
180
179
147
57
86
171
121
26
166
33
189
137
119
74
179
92
107
156
123
179
189
199
135
184
22
169
138
96
90
155
41
174
167
121
82
170
185
169
176
179
71
22
15
188
52
196
139
34
32
133
104
193
4
129
184
148
147
75
67
107
185
73
74
27
158
96
4
56
39
126
143
176
31
51
172
129
90
74
2
130
107
145
38
34
26
139
189
41
173
179
136
96
193
41
38
81
97
193
21
148
191
195
169
124
97
36
35
88
142
122
61
149
181
200
129
198
180
183
19
18
135
112
19
31
59
148
12
167
16
151
200
18
164
127
196
140
79
82
159
122
188
109
13
133
157
164
91
165
125
145
59
197
191
185
197
76
187
173
147
143
114
174
111
49
160
97
177
69
2
190
95
109
109
120
23
171
194
167
85
84
181
172
32
133
83
20
145
103
75
166
128
139
178
112
185
103
95
64
140
92
153
72
123
191
88
12
108
164
52
182
125
56
42
175
165
147
134
31
36
172
181
188
92
17
1
80
86
150
77
154
75
36
165
35
104
73
161
149
140
58
120
3
128
61
128
1
17
5
65
127
52
82
142
165
110
60
168
127
37
22
67
188
152
25
8
162
122
193
15
183
180
175
179
73
56
114
199
120
182
170
90
148
25
167
101
124
111
25
75
197
118
13
25
183
4
104
171
42
151
179
13
10
193
33
136
115
133
73
48
38
117
123
141
180
65
92
75
132
184
161
136
30
7
61
14
23
120
97
107
87
80
100
200
95
106
191
199
23
107
105
178
43
154
56
182
48
110
93
103
112
71
52
3
180
18
45
99
151
83
146
121
126
11
188
7
5
125
129
62
149
143
108
170
42
112
55
126
78
52
163
42
155
200
98
44
118
41
117
92
189
70
107
52
167
32
113
142
90
86
19
161
79
126
189
186
164
16
73
172
155
178
150
61
39
153
174
108
106
182
53
195
94
105
102
125
78
136
42
29
33
169
137
89
174
175
42
179
85
33
189
126
143
140
110
36
190
61
34
152
68
121
131
87
121
88
154
196
25
124
73
78
96
164
177
149
168
114
171
10
128
155
178
8
97
124
131
46
12
153
77
138
132
192
61
64
160
151
176
160
138
140
112
160
63
131
177
115
93
193
176
162
13
171
67
113
94
174
197
119
194
43
189
154
130
129
164
3
76
98
183
81
136
34
134
37
74
149
28
70
125
22
112
187
119
191
149
117
136
163
139
128
129
9
57
193
67
103
145
111
31
70
43
130
79
33
93
30
61
80
28
151
30
39
192
136
99
180
188
99
146
188
8
14
24
43
55
21
95
18
153
16
65
69
92
37
31
102
32
44
121
142
134
148
56
68
35
155
145
99
38
125
13
183
160
147
155
144
157
62
172
134
28
109
92
138
111
112
15
65
56
20
63
3
120
113
76
4
58
136
67
86
185
155
58
33
156
111
66
123
34
37
109
174
90
194
103
176
57
148
30
57
4
104
105
124
152
188
120
65
23
40
191
100
52
97
151
146
6
116
99
73
67
95
67
198
96
141
194
104
84
44
104
130
191
21
163
113
119
34
34
42
159
112
63
16
57
183
178
96
88
123
130
85
9
110
41
1
196
91
106
30
37
143
26
105
182
86
175
102
99
180
181
198
83
18
97
127
126
69
39
37
181
44
138
192
167
159
175
177
69
174
115
91
171
58
190
178
126
170
77
73
54
83
130
150
155
112
43
83
145
179
48
121
28
31
96
11
189
143
24
192
66
28
161
157
3
82
81
33
198
13
144
94
134
115
141
123
200
84
156
26
198
194
14
61
60
182
15
130
114
27
56
158
96
26
174
14
6
126
68
39
140
131
170
121
5
176
183
50
28
155
191
171
2
21
52
12
34
199
87
12
101
53
22
158
7
200
22
139
57
60
26
159
197
160
162
143
198
103
138
112
193
44
63
23
116
130
156
197
153
40
48
55
151
145
47
56
196
110
66
115
135
63
63
120
182
103
137
70
157
72
54
174
177
192
135
160
61
99
157
187
136
185
18
186
38
58
131
119
185
129
74
43
200
34
44
150
30
154
175
54
64
167
126
89
121
45
195
61
68
120
16
1
118
96
136
103
90
62
109
67
193
192
172
143
167
40
132
194
10
119
185
73
18
144
62
5
69
172
96
158
164
129
118
5
2
139
78
26
143
59
200
146
29
55
13
169
178
33
77
164
28
95
124
142
89
112
160
45
179
14
183
93
196
84
52
83
76
154
181
200
135
52
167
198
83
18
194
56
4
197
82
17
56
164
148
45
198
73
53
28
26
124
96
40
17
116
112
119
163
30
98
86
121
122
191
134
39
195
167
48
71
26
129
149
200
76
112
86
28
131
45
79
182
48
117
152
126
26
105
199
186
180
175
32
156
67
53
196
8
188
89
34
76
110
116
104
63
187
180
181
189
102
79
138
71
171
67
54
56
56
51
2
197
129
168
56
23
12
103
191
128
106
46
105
200
41
119
18
170
73
65
154
174
76
97
177
131
137
146
120
18
44
134
200
194
147
178
118
167
107
46
49
193
76
2
96
106
187
43
69
83
25
68
147
179
49
56
7
7
43
156
16
167
70
55
44
78
92
26
44
181
132
49
182
67
136
133
157
150
176
2
133
20
174
198
172
30
38
111
193
118
16
12
2
137
27
109
37
181
54
140
182
42
172
169
184
134
161
142
1
115
121
157
183
84
165
157
29
65
197
57
186
118
194
40
178
19
195
39
172
184
47
141
10
44
45
116
41
21
27
20
90
94
52
17
4
113
100
81
176
194
66
101
28
175
101
162
71
92
54
106
63
20
12
196
110
16
148
148
149
85
120
58
61
136
172
150
112
58
184
93
129
46
6
151
127
16
48
112
130
168
60
103
199
109
75
133
196
68
172
124
120
140
104
54
137
183
114
89
143
6
164
83
142
8
40
117
56
9
39
51
104
147
46
35
194
165
139
32
113
77
42
75
125
96
12
151
14
164
38
35
160
200
72
107
152
160
113
118
169
40
16
4
143
54
168
32
170
187
16
25
51
30
96
20
72
152
3
5
161
159
130
86
51
12
150
148
170
41
14
77
24
16
57
43
59
84
124
73
43
172
70
103
175
64
179
179
85
199
84
61
72
124
144
33
41
92
192
116
33
182
105
181
87
17
23
60
60
106
7
78
115
138
161
84
142
49
178
143
128
58
28
154
117
122
138
188
77
90
57
9
31
182
32
103
56
80
114
105
149
105
67
27
98
43
200
62
110
45
142
176
120
141
43
171
80
153
136
60
107
131
58
164
153
110
139
7
35
145
33
32
183
162
132
57
36
3
183
47
1
14
134
88
37
19
146
50
16
14
197
141
190
137
59
46
86
171
2
119
154
152
56
165
52
96
122
178
34
36
34
54
151
121
200
39
6
183
115
4
13
165
199
98
125
161
137
14
66
179
72
35
109
61
148
120
148
143
44
123
4
25
150
175
13
6
193
157
199
71
164
187
167
111
167
119
92
1
21
57
116
11
118
19
40
86
94
139
113
56
76
140
146
95
28
92
85
149
69
79
124
194
125
79
191
185
162
166
105
170
188
83
130
11
5
200
2
183
48
118
146
120
106
113
56
85
62
143
16
113
144
33
17
98
8
23
108
40
85
108
145
46
151
146
155
177
161
126
70
146
68
170
124
59
134
179
116
144
162
154
128
105
63
176
156
110
54
67
175
121
48
7
157
178
78
105
133
197
172
176
127
72
85
75
165
133
177
116
110
156
156
25
137
17
126
185
88
14
113
112
38
125
5
139
92
27
136
130
80
39
130
55
99
174
108
106
106
105
115
152
7
95
168
184
136
144
128
19
131
8
103
165
50
183
106
142
146
192
162
107
134
150
144
144
64
8
187
107
97
182
29
117
116
153
169
182
44
182
195
178
99
74
180
196
155
118
160
143
166
4
139
143
148
46
186
158
122
18
40
72
169
44
13
161
123
47
142
47
128
199
122
160
119
173
198
73
153
99
66
61
48
5
181
2
79
54
137
165
109
129
184
144
41
131
64
38
191
170
64
178
91
132
200
104
135
26
22
123
70
43
156
192
94
64
166
59
156
171
6
163
191
91
10
53
9
195
142
3
88
54
47
155
106
28
39
85
124
34
122
20
196
42
8
99
108
162
122
97
18
130
174
164
116
62
168
43
33
177
53
3
55
74
4
113
143
192
68
169
123
158
48
48
176
74
1
128
88
173
143
186
83
149
5
66
198
25
43
168
97
136
56
93
184
83
50
174
24
83
70
54
37
167
68
42
171
9
44
97
137
160
86
130
79
93
176
118
28
18
45
102
151
2
146
38
4
143
155
137
18
26
6
4
75
106
58
137
128
135
147
150
54
29
9
27
130
27
141
65
102
42
78
180
56
181
99
50
118
60
169
163
18
131
72
36
138
152
111
100
110
132
50
101
144
192
125
108
70
26
7
9
28
156
182
175
143
60
65
190
19
7
25
77
155
49
156
102
64
109
77
196
197
10
130
151
84
72
160
178
38
142
174
194
70
185
76
126
35
36
175
169
98
72
6
17
150
188
145
151
151
147
85
18
12
66
25
195
144
117
86
197
187
95
84
39
74
99
169
10
145
87
57
60
158
121
180
71
53
41
97
78
144
118
174
133
7
34
87
92
24
96
186
77
9
101
143
171
90
186
123
4
30
99
18
180
162
13
50
60
37
50
90
165
191
188
168
97
144
11
189
102
3
14
37
3
38
84
33
144
17
116
25
42
39
183
199
199
43
161
43
106
71
197
155
187
42
195
36
102
22
166
129
23
152
143
159
157
104
59
4
153
22
28
129
60
49
182
94
118
169
185
35
32
61
185
194
90
32
141
172
121
64
131
77
191
31
100
191
102
131
179
133
94
88
171
75
178
200
106
166
149
40
86
81
112
142
102
79
14
7
39
124
44
182
48
140
122
163
73
124
67
60
144
87
105
153
172
36
72
85
42
184
178
34
69
114
52
63
150
138
186
56
83
110
53
55
110
68
81
183
80
97
172
90
77
105
66
130
167
131
92
86
28
23
128
8
199
53
120
37
118
180
102
188
147
2
154
107
116
10
27
165
118
140
60
70
69
28
122
140
98
30
7
25
139
197
16
125
44
93
147
164
172
78
81
89
25
118
121
177
114
148
103
66
6
137
166
92
109
97
139
174
54
13
22
45
135
63
155
131
90
104
193
107
90
110
178
162
184
181
32
65
144
117
111
35
23
93
181
94
141
149
69
15
53
34
1
126
112
182
185
144
40
191
20
152
97
142
136
41
26
12
169
126
68
33
8
98
181
102
177
142
21
175
87
25
54
82
5
140
59
69
92
175
76
119
164
149
81
84
139
99
172
21
165
195
200
113
175
131
130
97
196
109
27
107
144
52
107
84
49
191
174
195
42
187
85
139
87
199
1
172
2
38
43
147
104
141
3
112
176
180
10
195
65
105
191
47
181
78
152
87
66
195
164
72
164
182
4
119
162
22
184
197
183
113
103
83
170
92
29
130
139
112
181
98
196
5
49
97
156
129
10
47
43
54
197
110
24
37
97
119
196
73
61
22
41
162
125
66
166
132
40
44
195
11
103
155
29
53
81
51
170
54
56
107
25
166
116
106
26
189
144
31
172
120
196
189
19
69
129
149
32
101
132
25
50
64
36
10
94
128
69
12
131
91
116
200
92
95
85
4
74
50
10
36
64
87
21
49
53
187
114
61
54
27
101
66
171
127
116
144
168
66
197
44
140
76
19
6
46
3
164
9
129
145
146
83
168
181
2
170
164
158
186
184
66
171
77
137
62
161
199
136
190
173
141
31
162
59
145
108
165
180
53
72
25
175
189
183
197
2
40
129
124
91
47
110
193
162
82
46
188
163
112
26
156
88
27
9
15
190
181
187
164
108
175
23
147
80
153
40
13
166
82
42
40
181
166
152
101
118
123
116
129
27
122
111
17
29
47
34
93
128
28
27
167
99
133
19
114
87
80
189
114
44
66
23
182
58
97
12
74
109
63
161
114
159
118
137
176
195
109
199
152
76
134
82
40
46
162
190
189
184
116
71
40
149
16
40
58
173
161
38
119
150
81
175
99
144
178
53
151
161
138
108
19
14
89
55
109
120
117
174
84
4
30
144
168
23
90
134
150
193
51
95
102
175
79
162
190
112
131
102
163
36
111
108
7
158
195
90
97
50
136
79
158
143
134
50
175
162
90
138
8
112
137
70
13
174
141
177
21
50
178
10
101
54
61
105
62
72
54
91
110
114
148
28
164
80
73
142
115
16
149
190
20
166
189
117
58
139
49
40
98
108
93
97
156
28
144
194
89
91
143
47
153
105
80
78
89
127
143
125
7
144
48
106
79
171
65
136
1
8
54
199
55
28
163
137
180
182
67
141
4
161
189
169
10
165
61
75
25
153
45
148
1
136
12
101
45
167
116
129
152
140
123
44
76
60
129
114
24
196
89
81
118
192
128
126
136
92
97
10
172
66
144
120
71
50
106
5
145
8
75
65
137
98
126
163
49
54
4
106
57
158
142
70
167
191
180
41
169
24
154
80
95
136
76
174
72
36
55
163
31
58
158
179
99
70
27
2
168
88
68
170
57
117
192
116
61
140
19
4
63
197
68
135
195
85
61
99
146
2
180
88
90
150
187
40
196
120
80
56
43
63
46
124
119
153
86
42
165
27
165
190
148
111
121
200
69
63
4
83
44
87
2
53
167
124
77
123
89
30
133
34
98
194
146
150
112
26
15
68
141
192
128
151
33
66
98
71
163
189
101
148
179
66
47
184
163
26
172
21
43
180
32
50
54
48
98
38
54
87
42
76
117
114
73
109
60
178
17
98
2
37
99
75
126
166
23
69
157
148
196
169
168
86
119
69
32
168
18
42
195
130
164
18
187
37
149
63
131
181
3
181
155
48
78
168
123
13
154
2
159
23
16
26
41
59
60
140
143
72
14
4
11
79
76
92
115
61
185
197
164
115
54
129
167
96
89
40
94
110
4
117
29
32
42
192
34
166
191
96
77
1
46
118
23
196
96
30
100
176
187
195
157
154
99
170
137
104
16
51
72
128
144
35
117
130
42
192
123
197
65
118
94
58
138
73
173
9
153
167
63
185
97
159
107
142
79
112
104
58
57
79
148
77
6
163
75
25
139
68
175
167
193
135
148
119
4
83
165
143
5
76
59
54
95
80
13
4
113
36
160
17
31
104
38
81
75
164
96
126
187
116
176
112
2
135
1
162
122
165
37
141
110
2
123
93
183
143
197
34
61
115
49
30
57
22
70
5
197
30
199
20
153
121
97
142
189
44
131
179
11
21
32
33
149
39
14
162
44
166
99
143
32
162
14
142
159
70
198
46
14
14
84
95
91
101
78
9
158
168
199
189
3
145
100
60
74
126
13
163
87
110
90
15
176
110
139
122
181
48
4
136
58
93
171
163
139
13
81
82
53
112
191
104
46
197
93
39
145
83
89
22
198
184
25
110
162
21
48
97
189
179
91
96
97
182
48
41
181
80
160
170
130
5
163
157
93
65
55
61
18
11
81
53
147
94
42
55
33
128
112
85
53
111
65
91
125
88
10
117
118
78
182
177
2
185
159
114
99
124
63
113
152
105
73
195
93
185
89
144
7
66
47
190
128
84
67
42
97
56
2
79
58
134
22
101
52
189
34
49
97
93
164
136
7
75
185
169
38
184
81
92
127
66
181
121
91
79
67
116
163
7
69
149
197
30
188
157
92
101
100
188
160
73
22
165
43
130
134
198
97
138
37
18
44
156
159
178
137
146
169
191
115
137
114
161
60
108
61
30
163
47
183
97
71
78
167
183
6
67
104
116
160
122
107
33
109
20
174
124
122
133
10
7
160
179
5
181
53
170
127
179
192
52
179
64
143
84
143
107
199
21
169
141
166
72
91
175
99
46
99
103
85
67
154
192
95
187
69
13
94
143
156
79
127
70
170
95
150
163
131
194
87
96
65
127
121
70
71
34
156
131
5
18
53
80
48
36
198
143
180
196
52
99
169
138
84
121
185
61
128
154
151
190
78
9
10
63
106
38
195
7
152
188
49
29
184
117
60
40
161
77
60
186
36
154
182
127
155
84
76
168
147
177
72
64
10
69
1
160
109
70
21
138
121
110
140
189
28
120
168
97
76
149
147
10
124
97
140
130
110
128
67
32
83
101
4
177
100
22
99
138
193
68
71
190
132
162
107
23
64
103
154
128
82
8
62
132
136
3
95
93
58
6
172
39
142
34
185
147
170
9
173
24
51
131
175
54
31
110
57
72
177
33
119
128
35
158
113
59
200
139
103
15
183
12
12
186
68
196
194
78
99